0.0 0.5409466613484398
0.5 -0.7036190335739538
1.0 0.004067029246321796
1.5 0.6709205877474584
2.0 -0.6502257961912887
2.5 0.6357093120654241
3.0 0.0031404938685237194
3.5 -0.6360322981187481
4.0 0.6440652109399492
4.5 -0.6500807440741556
5.0 0.00026752276805980246
5.5 0.6490392870289416
6.0 -0.6456774923706284
6.5 0.6436241923076351
7.0 -0.0006957548785653245
7.5 -0.6447453091286841
8.0 0.6458986226457442
8.5 -0.6463523985485251
9.0 -0.0004967089669962177
9.5 0.6457512967525103
10.0 -0.6455099217386603
10.5 0.6455173146723447
11.0 -0.00017868076162563806
11.5 -0.6457026911896215
12.0 0.6456931624429829
12.5 -0.645639235751956
13.0 -2.935015109273298e-05
13.5 0.6456167315891997
14.0 -0.6456504172744815
14.5 0.645680341320532
15.0 1.660309746259747e-05
15.5 -0.6456637163583356
16.0 0.6456320003108393
16.5 -0.6456255212517192
17.0 8.596331146615288e-05
17.5 0.6457169160864331
18.0 -0.6457181253783688
18.5 0.6455927060871609
19.0 0.0002185304171221092
19.5 -0.6453095391855237
20.0 0.6455765158213589
20.5 -0.6461674548176457
21.0 5.690396787144669e-05
21.5 0.6464689819098792
22.0 -0.6452943264510924
22.5 0.6439066088027362
23.0 -0.002012282846484581
23.5 -0.6453239648609531
24.0 0.6482456918152076
24.5 -0.6492310462681197
25.0 -0.011438694789127513
25.5 0.6390120773092542
26.0 -0.6347912528427277
26.5 0.6441586656225776
27.0 -0.021455295319920353
27.5 -0.7228830726646438
28.0 0.7753757019802703
28.5 -0.8055781646146435
29.0 -0.24093936969440444
29.5 0.7207002446173669
30.0 -0.6107366295417591
30.5 0.4984615145747072
31.0 -0.06157243389803982
31.5 -0.4248636380390695
32.0 0.5286002882278752
