0.0 -0.5457214327271644
0.5 -0.401098279863059
1.0 -0.00862210612773362
1.5 0.42479078638796985
2.0 0.6463072716521465
2.5 0.46083981542297114
3.0 -0.006054405072293045
3.5 -0.4663091193725291
4.0 -0.6458323791897185
4.5 -0.4511435341259799
5.0 -0.0010107362123158437
5.5 0.45060693504179833
6.0 0.6455917167683525
6.5 0.4564194525654395
7.0 0.000763710845761767
7.5 -0.45522140543731376
8.0 -0.64591286161834
8.5 -0.4536807917686803
9.0 0.0004957640284854459
9.5 0.45434912325377297
10.0 0.6457987490986323
10.5 0.4550466369074966
11.0 0.001031154342761742
11.5 -0.4532344829167877
12.0 -0.6445897213960423
12.5 -0.4534568677679241
13.0 0.0005076994199580409
13.5 0.45424536980891284
14.0 0.6447408721272798
14.5 0.45255223205842565
15.0 -0.0025235353304419728
15.5 -0.4572258730731477
16.0 -0.6483089259758641
16.5 -0.4560844726861214
17.0 -0.0002339127886950565
17.5 0.45605361084731316
18.0 0.6495248798903898
18.5 0.4600762575257325
19.0 0.006634498727987048
19.5 -0.44788872365869953
20.0 -0.6406186421293547
20.5 -0.452789565534496
21.0 -0.004163288662628828
21.5 0.4441561138831396
22.0 0.6316470626911417
22.5 0.44024958867936703
23.0 -0.013015193970936256
23.5 -0.4649729324272644
24.0 -0.6489963663751885
24.5 -0.4369147274737416
25.0 0.042566116928296205
25.5 0.5090080982674261
26.0 0.696275001906973
26.5 0.5246620194722231
27.0 0.0901939414786671
27.5 -0.4168203525895064
28.0 -0.7328222886343945
28.5 -0.4789533971248006
29.0 0.2235416307338874
29.5 0.7277155824268476
30.0 0.527602844756867
30.5 0.09143352423301176
31.0 -0.06948752144555695
31.5 -0.21969738236541508
32.0 -0.677770697768464
